{
 "cells": [
  {
   "cell_type": "markdown",
   "metadata": {},
   "source": [
    "# Setup Functions"
   ]
  },
  {
   "cell_type": "markdown",
   "metadata": {},
   "source": [
    "ProbDist(dict):\n",
    "input a dictionary of the data group by genre.\n",
    "output fraction of each genre"
   ]
  },
  {
   "cell_type": "code",
   "execution_count": 2,
   "metadata": {},
   "outputs": [],
   "source": [
    "class ProbDist(dict): \n",
    "    def __init__(self, mapping=(), **kwargs):\n",
    "        self.update(mapping, **kwargs)\n",
    "        # Make probabilities sum to 1.0; assert no negative probabilities\n",
    "        total = sum(self.values()) # total number of all the inputs\n",
    "        for outcome in self:\n",
    "            self[outcome] = self[outcome] / total \n",
    "            assert self[outcome] >= 0"
   ]
  },
  {
   "cell_type": "markdown",
   "metadata": {},
   "source": [
    "\\**kwargs: input key-value dictionary with any length"
   ]
  },
  {
   "cell_type": "markdown",
   "metadata": {},
   "source": [
    "## such_that(predicate, space): \n",
    "return all the results fulfill the predicate function"
   ]
  },
  {
   "cell_type": "code",
   "execution_count": 3,
   "metadata": {},
   "outputs": [],
   "source": [
    "def such_that(predicate, space):  \n",
    "    if isinstance(space, ProbDist):\n",
    "        return ProbDist({o:space[o] for o in space if predicate(o)}) # if there are different genre, output them\n",
    "    else:\n",
    "        return {o for o in space if predicate(o)}"
   ]
  },
  {
   "cell_type": "markdown",
   "metadata": {},
   "source": [
    "## p(event, space):\n",
    "\n",
    "get fraction of the event to total space"
   ]
  },
  {
   "cell_type": "code",
   "execution_count": 4,
   "metadata": {},
   "outputs": [],
   "source": [
    "def p(event, space): \n",
    "    # branch on the type of the first argument\n",
    "    if is_predicate(event):\n",
    "        # transform the mapping (untangible) 'event' into the collection (tangible) 'event'\n",
    "        event = such_that(event, space)\n",
    "        \n",
    "    if isinstance(space, ProbDist):  # if space can be used by ProbDist\n",
    "        # if space is a dictionary of distinct probabilities, where each item does not count as the same amount\n",
    "        return sum(space[o] for o in space if o in event)\n",
    "    else:\n",
    "        # space is not a dictionary but a collection, let's fall back to our original division\n",
    "        return Fraction(len(event & space), len(space))\n",
    "\n",
    "    \n",
    "is_predicate = callable"
   ]
  },
  {
   "cell_type": "markdown",
   "metadata": {},
   "source": [
    "## joint(A, B, sep=''):\n",
    "\n",
    "probability of two event happen together"
   ]
  },
  {
   "cell_type": "code",
   "execution_count": 5,
   "metadata": {},
   "outputs": [],
   "source": [
    "def joint(A, B, sep=''):\n",
    "    \"\"\"The joint distribution of two independent probability distributions. \n",
    "    Result is all entries of the form {a+sep+b: P(a)*P(b)}\"\"\"\n",
    "    return ProbDist({a + sep + b: A[a] * B[b] \n",
    "                        for a in A \n",
    "                        for b in B})"
   ]
  },
  {
   "cell_type": "markdown",
   "metadata": {},
   "source": [
    "# F1\n",
    "\n",
    "[This](https://www.formula1.com/en/racing/2023.html) is the schedule for F1 races for 2023, and Qatar is oming up in 2 weeks! The great Max Verstappen is once again leading all drivers.\n",
    "\n",
    "<br />\n",
    "\n",
    "\n",
    "**Goal 1** (20 points) [Max Verstappen](https://www.formula1.com/en/drivers/max-verstappen.html) rocks! But is he going to win it all again in 2023? The first two F1 races coming up: After **Qatar** it's the **US Grand Prix** in Texas! The 2023 driver standings are given [here](https://www.formula1.com/en/drivers.html). Given these standings (*do not use team standings given on the same Web site, use driver standings*), what is the Probability Distribution for each F1 driver to win the Qatari Grand Prix? What is the Probability Distribution for each F1 driver to win *both* the Qatari and the US Grand Prix? What is the probability for Red Bull to win both races? What is the probability for Red Bull to win at least one race? Note that Red Bull and all other racing teams have two drivers per race."
   ]
  },
  {
   "cell_type": "markdown",
   "metadata": {},
   "source": [
    "## Q1"
   ]
  },
  {
   "cell_type": "markdown",
   "metadata": {},
   "source": [
    "## a) what is the Probability Distribution for each F1 driver to win the Qatari Grand Prix?"
   ]
  },
  {
   "cell_type": "markdown",
   "metadata": {},
   "source": [
    "I cannnot find the information of the Qatari Grand Prix in 2022 and 2023, so we use 2021. (https://www.formula1.com/en/results.html/2021/races/1105/qatar/race-result.html)"
   ]
  },
  {
   "cell_type": "code",
   "execution_count": 6,
   "metadata": {},
   "outputs": [
    {
     "data": {
      "text/plain": [
       "{'Verstappen': 0.19335604770017037,\n",
       " 'Leclerc': 0.131175468483816,\n",
       " 'Perez': 0.12989778534923338,\n",
       " 'Russell': 0.11712095400340715,\n",
       " 'Sainz': 0.10477001703577513,\n",
       " 'Hamilton': 0.10221465076660988,\n",
       " 'Norris': 0.051959114139693355,\n",
       " 'Ocon': 0.039182282793867124,\n",
       " 'Alonso': 0.034497444633730834,\n",
       " 'Bottas': 0.020868824531516183,\n",
       " 'Ricciardo': 0.01575809199318569,\n",
       " 'Vettel': 0.01575809199318569,\n",
       " 'Magnussen': 0.010647359454855196,\n",
       " 'Gasly': 0.009795570698466781,\n",
       " 'Stroll': 0.007666098807495741,\n",
       " 'Schumacher': 0.005110732538330494,\n",
       " 'Tsunoda': 0.005110732538330494,\n",
       " 'Zhou': 0.002555366269165247,\n",
       " 'Albon': 0.0017035775127768314,\n",
       " 'Latifi': 0.0008517887563884157}"
      ]
     },
     "execution_count": 6,
     "metadata": {},
     "output_type": "execute_result"
    }
   ],
   "source": [
    "#Using 2022 F1 driver's PTS to predict \n",
    "winner = ProbDist(Verstappen=454, Leclerc=308, Perez=305, Russell=275, Sainz=246, Hamilton=240, \n",
    "                  Norris=122, Ocon=92, Alonso=81, Bottas=49, Ricciardo=37, Vettel=37, \n",
    "                  Magnussen=25, Gasly=23, Stroll=18, Schumacher=12, \n",
    "                  Tsunoda=12, Zhou=6, Albon=4, Latifi=2)\n",
    "winner"
   ]
  },
  {
   "cell_type": "markdown",
   "metadata": {},
   "source": [
    "## b) What is the Probability Distribution for each F1 driver to win both the Qatari and the US Grand Prix?"
   ]
  },
  {
   "cell_type": "code",
   "execution_count": 7,
   "metadata": {
    "scrolled": false
   },
   "outputs": [
    {
     "data": {
      "text/plain": [
       "{'Verstappen,Verstappen': 0.03738656118223056,\n",
       " 'Verstappen,Leclerc': 0.025363570141248924,\n",
       " 'Verstappen,Perez': 0.025116522380132865,\n",
       " 'Verstappen,Russell': 0.022646044768972255,\n",
       " 'Verstappen,Sainz': 0.020257916411517002,\n",
       " 'Verstappen,Hamilton': 0.01976382088928488,\n",
       " 'Verstappen,Norris': 0.010046608952053147,\n",
       " 'Verstappen,Ocon': 0.007576131340892537,\n",
       " 'Verstappen,Alonso': 0.006670289550133646,\n",
       " 'Verstappen,Bottas': 0.004035113431562329,\n",
       " 'Verstappen,Ricciardo': 0.003046922387098085,\n",
       " 'Verstappen,Vettel': 0.003046922387098085,\n",
       " 'Verstappen,Magnussen': 0.0020587313426338417,\n",
       " 'Verstappen,Gasly': 0.0018940328352231343,\n",
       " 'Verstappen,Stroll': 0.0014822865666963658,\n",
       " 'Verstappen,Schumacher': 0.000988191044464244,\n",
       " 'Verstappen,Tsunoda': 0.000988191044464244,\n",
       " 'Verstappen,Zhou': 0.000494095522232122,\n",
       " 'Verstappen,Albon': 0.00032939701482141465,\n",
       " 'Verstappen,Latifi': 0.00016469850741070732,\n",
       " 'Leclerc,Verstappen': 0.025363570141248924,\n",
       " 'Leclerc,Leclerc': 0.01720700353194861,\n",
       " 'Leclerc,Perez': 0.017039402848195863,\n",
       " 'Leclerc,Russell': 0.0153633960106684,\n",
       " 'Leclerc,Sainz': 0.013743256067725187,\n",
       " 'Leclerc,Hamilton': 0.013408054700219696,\n",
       " 'Leclerc,Norris': 0.006815761139278345,\n",
       " 'Leclerc,Ocon': 0.005139754301750884,\n",
       " 'Leclerc,Alonso': 0.004525218461324147,\n",
       " 'Leclerc,Bottas': 0.0027374778346281876,\n",
       " 'Leclerc,Ricciardo': 0.002067075099617203,\n",
       " 'Leclerc,Vettel': 0.002067075099617203,\n",
       " 'Leclerc,Magnussen': 0.0013966723646062183,\n",
       " 'Leclerc,Gasly': 0.001284938575437721,\n",
       " 'Leclerc,Stroll': 0.0010056041025164773,\n",
       " 'Leclerc,Schumacher': 0.0006704027350109848,\n",
       " 'Leclerc,Tsunoda': 0.0006704027350109848,\n",
       " 'Leclerc,Zhou': 0.0003352013675054924,\n",
       " 'Leclerc,Albon': 0.00022346757833699492,\n",
       " 'Leclerc,Latifi': 0.00011173378916849746,\n",
       " 'Perez,Verstappen': 0.025116522380132865,\n",
       " 'Perez,Leclerc': 0.017039402848195863,\n",
       " 'Perez,Perez': 0.016873434638635512,\n",
       " 'Perez,Russell': 0.01521375254303202,\n",
       " 'Perez,Sainz': 0.013609393183948644,\n",
       " 'Perez,Hamilton': 0.013277456764827944,\n",
       " 'Perez,Norris': 0.006749373855454205,\n",
       " 'Perez,Ocon': 0.005089691759850713,\n",
       " 'Perez,Alonso': 0.004481141658129431,\n",
       " 'Perez,Bottas': 0.0027108140894857055,\n",
       " 'Perez,Ricciardo': 0.0020469412512443084,\n",
       " 'Perez,Vettel': 0.0020469412512443084,\n",
       " 'Perez,Magnussen': 0.0013830684130029108,\n",
       " 'Perez,Gasly': 0.0012724229399626783,\n",
       " 'Perez,Stroll': 0.0009958092573620959,\n",
       " 'Perez,Schumacher': 0.0006638728382413972,\n",
       " 'Perez,Tsunoda': 0.0006638728382413972,\n",
       " 'Perez,Zhou': 0.0003319364191206986,\n",
       " 'Perez,Albon': 0.00022129094608046575,\n",
       " 'Perez,Latifi': 0.00011064547304023287,\n",
       " 'Russell,Verstappen': 0.022646044768972255,\n",
       " 'Russell,Leclerc': 0.0153633960106684,\n",
       " 'Russell,Perez': 0.01521375254303202,\n",
       " 'Russell,Russell': 0.013717317866668214,\n",
       " 'Russell,Sainz': 0.012270764346183204,\n",
       " 'Russell,Hamilton': 0.011971477410910442,\n",
       " 'Russell,Norris': 0.0060855010172128085,\n",
       " 'Russell,Ocon': 0.004589066340849004,\n",
       " 'Russell,Alonso': 0.004040373626182274,\n",
       " 'Russell,Bottas': 0.002444176638060882,\n",
       " 'Russell,Ricciardo': 0.0018456027675153597,\n",
       " 'Russell,Vettel': 0.0018456027675153597,\n",
       " 'Russell,Magnussen': 0.0012470288969698379,\n",
       " 'Russell,Gasly': 0.001147266585212251,\n",
       " 'Russell,Stroll': 0.0008978608058182832,\n",
       " 'Russell,Schumacher': 0.0005985738705455221,\n",
       " 'Russell,Tsunoda': 0.0005985738705455221,\n",
       " 'Russell,Zhou': 0.00029928693527276105,\n",
       " 'Russell,Albon': 0.00019952462351517406,\n",
       " 'Russell,Latifi': 9.976231175758703e-05,\n",
       " 'Sainz,Verstappen': 0.020257916411517002,\n",
       " 'Sainz,Leclerc': 0.013743256067725187,\n",
       " 'Sainz,Perez': 0.013609393183948644,\n",
       " 'Sainz,Russell': 0.012270764346183204,\n",
       " 'Sainz,Sainz': 0.010976756469676613,\n",
       " 'Sainz,Hamilton': 0.010709030702123524,\n",
       " 'Sainz,Norris': 0.005443757273579458,\n",
       " 'Sainz,Ocon': 0.004105128435814018,\n",
       " 'Sainz,Alonso': 0.0036142978619666893,\n",
       " 'Sainz,Bottas': 0.002186427101683553,\n",
       " 'Sainz,Ricciardo': 0.0016509755665773764,\n",
       " 'Sainz,Vettel': 0.0016509755665773764,\n",
       " 'Sainz,Magnussen': 0.0011155240314712003,\n",
       " 'Sainz,Gasly': 0.0010262821089535045,\n",
       " 'Sainz,Stroll': 0.0008031773026592643,\n",
       " 'Sainz,Schumacher': 0.0005354515351061762,\n",
       " 'Sainz,Tsunoda': 0.0005354515351061762,\n",
       " 'Sainz,Zhou': 0.0002677257675530881,\n",
       " 'Sainz,Albon': 0.00017848384503539206,\n",
       " 'Sainz,Latifi': 8.924192251769603e-05,\n",
       " 'Hamilton,Verstappen': 0.01976382088928488,\n",
       " 'Hamilton,Leclerc': 0.013408054700219696,\n",
       " 'Hamilton,Perez': 0.013277456764827944,\n",
       " 'Hamilton,Russell': 0.011971477410910442,\n",
       " 'Hamilton,Sainz': 0.010709030702123524,\n",
       " 'Hamilton,Hamilton': 0.010447834831340022,\n",
       " 'Hamilton,Norris': 0.005310982705931179,\n",
       " 'Hamilton,Ocon': 0.004005003352013676,\n",
       " 'Hamilton,Alonso': 0.0035261442555772574,\n",
       " 'Hamilton,Bottas': 0.002133099611398588,\n",
       " 'Hamilton,Ricciardo': 0.0016107078698315866,\n",
       " 'Hamilton,Vettel': 0.0016107078698315866,\n",
       " 'Hamilton,Magnussen': 0.0010883161282645858,\n",
       " 'Hamilton,Gasly': 0.001001250838003419,\n",
       " 'Hamilton,Stroll': 0.0007835876123505017,\n",
       " 'Hamilton,Schumacher': 0.0005223917415670011,\n",
       " 'Hamilton,Tsunoda': 0.0005223917415670011,\n",
       " 'Hamilton,Zhou': 0.00026119587078350057,\n",
       " 'Hamilton,Albon': 0.00017413058052233372,\n",
       " 'Hamilton,Latifi': 8.706529026116686e-05,\n",
       " 'Norris,Verstappen': 0.010046608952053147,\n",
       " 'Norris,Leclerc': 0.006815761139278345,\n",
       " 'Norris,Perez': 0.006749373855454205,\n",
       " 'Norris,Russell': 0.0060855010172128085,\n",
       " 'Norris,Sainz': 0.005443757273579458,\n",
       " 'Norris,Hamilton': 0.005310982705931179,\n",
       " 'Norris,Norris': 0.0026997495421816823,\n",
       " 'Norris,Ocon': 0.0020358767039402852,\n",
       " 'Norris,Alonso': 0.0017924566632517727,\n",
       " 'Norris,Bottas': 0.0010843256357942824,\n",
       " 'Norris,Ricciardo': 0.0008187765004977232,\n",
       " 'Norris,Vettel': 0.0008187765004977232,\n",
       " 'Norris,Magnussen': 0.0005532273652011644,\n",
       " 'Norris,Gasly': 0.0005089691759850713,\n",
       " 'Norris,Stroll': 0.00039832370294483837,\n",
       " 'Norris,Schumacher': 0.0002655491352965589,\n",
       " 'Norris,Tsunoda': 0.0002655491352965589,\n",
       " 'Norris,Zhou': 0.00013277456764827946,\n",
       " 'Norris,Albon': 8.851637843218631e-05,\n",
       " 'Norris,Latifi': 4.4258189216093154e-05,\n",
       " 'Ocon,Verstappen': 0.007576131340892537,\n",
       " 'Ocon,Leclerc': 0.005139754301750884,\n",
       " 'Ocon,Perez': 0.005089691759850713,\n",
       " 'Ocon,Russell': 0.004589066340849004,\n",
       " 'Ocon,Sainz': 0.004105128435814018,\n",
       " 'Ocon,Hamilton': 0.004005003352013676,\n",
       " 'Ocon,Norris': 0.0020358767039402852,\n",
       " 'Ocon,Ocon': 0.0015352512849385758,\n",
       " 'Ocon,Alonso': 0.0013516886313046155,\n",
       " 'Ocon,Bottas': 0.0008176881843694587,\n",
       " 'Ocon,Ricciardo': 0.000617438016768775,\n",
       " 'Ocon,Vettel': 0.000617438016768775,\n",
       " 'Ocon,Magnussen': 0.0004171878491680912,\n",
       " 'Ocon,Gasly': 0.00038381282123464396,\n",
       " 'Ocon,Stroll': 0.0003003752514010257,\n",
       " 'Ocon,Schumacher': 0.00020025016760068378,\n",
       " 'Ocon,Tsunoda': 0.00020025016760068378,\n",
       " 'Ocon,Zhou': 0.00010012508380034189,\n",
       " 'Ocon,Albon': 6.67500558668946e-05,\n",
       " 'Ocon,Latifi': 3.33750279334473e-05,\n",
       " 'Alonso,Verstappen': 0.006670289550133646,\n",
       " 'Alonso,Leclerc': 0.004525218461324147,\n",
       " 'Alonso,Perez': 0.004481141658129431,\n",
       " 'Alonso,Russell': 0.004040373626182274,\n",
       " 'Alonso,Sainz': 0.0036142978619666893,\n",
       " 'Alonso,Hamilton': 0.0035261442555772574,\n",
       " 'Alonso,Norris': 0.0017924566632517727,\n",
       " 'Alonso,Ocon': 0.0013516886313046155,\n",
       " 'Alonso,Alonso': 0.0011900736862573244,\n",
       " 'Alonso,Bottas': 0.0007199211188470235,\n",
       " 'Alonso,Ricciardo': 0.0005436139060681606,\n",
       " 'Alonso,Vettel': 0.0005436139060681606,\n",
       " 'Alonso,Magnussen': 0.0003673066932892977,\n",
       " 'Alonso,Gasly': 0.0003379221578261539,\n",
       " 'Alonso,Stroll': 0.00026446081916829434,\n",
       " 'Alonso,Schumacher': 0.00017630721277886287,\n",
       " 'Alonso,Tsunoda': 0.00017630721277886287,\n",
       " 'Alonso,Zhou': 8.815360638943143e-05,\n",
       " 'Alonso,Albon': 5.876907092628763e-05,\n",
       " 'Alonso,Latifi': 2.9384535463143814e-05,\n",
       " 'Bottas,Verstappen': 0.004035113431562329,\n",
       " 'Bottas,Leclerc': 0.0027374778346281876,\n",
       " 'Bottas,Perez': 0.0027108140894857055,\n",
       " 'Bottas,Russell': 0.002444176638060882,\n",
       " 'Bottas,Sainz': 0.002186427101683553,\n",
       " 'Bottas,Hamilton': 0.002133099611398588,\n",
       " 'Bottas,Norris': 0.0010843256357942824,\n",
       " 'Bottas,Ocon': 0.0008176881843694587,\n",
       " 'Bottas,Alonso': 0.0007199211188470235,\n",
       " 'Bottas,Bottas': 0.0004355078373272117,\n",
       " 'Bottas,Ricciardo': 0.0003288528567572823,\n",
       " 'Bottas,Vettel': 0.0003288528567572823,\n",
       " 'Bottas,Magnussen': 0.0002221978761873529,\n",
       " 'Bottas,Gasly': 0.00020442204609236468,\n",
       " 'Bottas,Stroll': 0.0001599824708548941,\n",
       " 'Bottas,Schumacher': 0.00010665498056992938,\n",
       " 'Bottas,Tsunoda': 0.00010665498056992938,\n",
       " 'Bottas,Zhou': 5.332749028496469e-05,\n",
       " 'Bottas,Albon': 3.555166018997647e-05,\n",
       " 'Bottas,Latifi': 1.7775830094988235e-05,\n",
       " 'Ricciardo,Verstappen': 0.003046922387098085,\n",
       " 'Ricciardo,Leclerc': 0.002067075099617203,\n",
       " 'Ricciardo,Perez': 0.0020469412512443084,\n",
       " 'Ricciardo,Russell': 0.0018456027675153597,\n",
       " 'Ricciardo,Sainz': 0.0016509755665773764,\n",
       " 'Ricciardo,Hamilton': 0.0016107078698315866,\n",
       " 'Ricciardo,Norris': 0.0008187765004977232,\n",
       " 'Ricciardo,Ocon': 0.000617438016768775,\n",
       " 'Ricciardo,Alonso': 0.0005436139060681606,\n",
       " 'Ricciardo,Bottas': 0.0003288528567572823,\n",
       " 'Ricciardo,Ricciardo': 0.00024831746326570294,\n",
       " 'Ricciardo,Vettel': 0.00024831746326570294,\n",
       " 'Ricciardo,Magnussen': 0.00016778206977412363,\n",
       " 'Ricciardo,Gasly': 0.00015435950419219374,\n",
       " 'Ricciardo,Stroll': 0.000120803090237369,\n",
       " 'Ricciardo,Schumacher': 8.053539349157934e-05,\n",
       " 'Ricciardo,Tsunoda': 8.053539349157934e-05,\n",
       " 'Ricciardo,Zhou': 4.026769674578967e-05,\n",
       " 'Ricciardo,Albon': 2.684513116385978e-05,\n",
       " 'Ricciardo,Latifi': 1.342256558192989e-05,\n",
       " 'Vettel,Verstappen': 0.003046922387098085,\n",
       " 'Vettel,Leclerc': 0.002067075099617203,\n",
       " 'Vettel,Perez': 0.0020469412512443084,\n",
       " 'Vettel,Russell': 0.0018456027675153597,\n",
       " 'Vettel,Sainz': 0.0016509755665773764,\n",
       " 'Vettel,Hamilton': 0.0016107078698315866,\n",
       " 'Vettel,Norris': 0.0008187765004977232,\n",
       " 'Vettel,Ocon': 0.000617438016768775,\n",
       " 'Vettel,Alonso': 0.0005436139060681606,\n",
       " 'Vettel,Bottas': 0.0003288528567572823,\n",
       " 'Vettel,Ricciardo': 0.00024831746326570294,\n",
       " 'Vettel,Vettel': 0.00024831746326570294,\n",
       " 'Vettel,Magnussen': 0.00016778206977412363,\n",
       " 'Vettel,Gasly': 0.00015435950419219374,\n",
       " 'Vettel,Stroll': 0.000120803090237369,\n",
       " 'Vettel,Schumacher': 8.053539349157934e-05,\n",
       " 'Vettel,Tsunoda': 8.053539349157934e-05,\n",
       " 'Vettel,Zhou': 4.026769674578967e-05,\n",
       " 'Vettel,Albon': 2.684513116385978e-05,\n",
       " 'Vettel,Latifi': 1.342256558192989e-05,\n",
       " 'Magnussen,Verstappen': 0.0020587313426338417,\n",
       " 'Magnussen,Leclerc': 0.0013966723646062183,\n",
       " 'Magnussen,Perez': 0.0013830684130029108,\n",
       " 'Magnussen,Russell': 0.0012470288969698379,\n",
       " 'Magnussen,Sainz': 0.0011155240314712003,\n",
       " 'Magnussen,Hamilton': 0.0010883161282645858,\n",
       " 'Magnussen,Norris': 0.0005532273652011644,\n",
       " 'Magnussen,Ocon': 0.0004171878491680912,\n",
       " 'Magnussen,Alonso': 0.0003673066932892977,\n",
       " 'Magnussen,Bottas': 0.0002221978761873529,\n",
       " 'Magnussen,Ricciardo': 0.00016778206977412363,\n",
       " 'Magnussen,Vettel': 0.00016778206977412363,\n",
       " 'Magnussen,Magnussen': 0.00011336626336089434,\n",
       " 'Magnussen,Gasly': 0.0001042969622920228,\n",
       " 'Magnussen,Stroll': 8.162370961984393e-05,\n",
       " 'Magnussen,Schumacher': 5.4415806413229284e-05,\n",
       " 'Magnussen,Tsunoda': 5.4415806413229284e-05,\n",
       " 'Magnussen,Zhou': 2.7207903206614642e-05,\n",
       " 'Magnussen,Albon': 1.8138602137743097e-05,\n",
       " 'Magnussen,Latifi': 9.069301068871548e-06,\n",
       " 'Gasly,Verstappen': 0.0018940328352231343,\n",
       " 'Gasly,Leclerc': 0.001284938575437721,\n",
       " 'Gasly,Perez': 0.0012724229399626783,\n",
       " 'Gasly,Russell': 0.001147266585212251,\n",
       " 'Gasly,Sainz': 0.0010262821089535045,\n",
       " 'Gasly,Hamilton': 0.001001250838003419,\n",
       " 'Gasly,Norris': 0.0005089691759850713,\n",
       " 'Gasly,Ocon': 0.00038381282123464396,\n",
       " 'Gasly,Alonso': 0.0003379221578261539,\n",
       " 'Gasly,Bottas': 0.00020442204609236468,\n",
       " 'Gasly,Ricciardo': 0.00015435950419219374,\n",
       " 'Gasly,Vettel': 0.00015435950419219374,\n",
       " 'Gasly,Magnussen': 0.0001042969622920228,\n",
       " 'Gasly,Gasly': 9.595320530866099e-05,\n",
       " 'Gasly,Stroll': 7.509381285025643e-05,\n",
       " 'Gasly,Schumacher': 5.0062541900170945e-05,\n",
       " 'Gasly,Tsunoda': 5.0062541900170945e-05,\n",
       " 'Gasly,Zhou': 2.5031270950085473e-05,\n",
       " 'Gasly,Albon': 1.668751396672365e-05,\n",
       " 'Gasly,Latifi': 8.343756983361825e-06,\n",
       " 'Stroll,Verstappen': 0.0014822865666963658,\n",
       " 'Stroll,Leclerc': 0.0010056041025164773,\n",
       " 'Stroll,Perez': 0.0009958092573620959,\n",
       " 'Stroll,Russell': 0.0008978608058182832,\n",
       " 'Stroll,Sainz': 0.0008031773026592643,\n",
       " 'Stroll,Hamilton': 0.0007835876123505017,\n",
       " 'Stroll,Norris': 0.00039832370294483837,\n",
       " 'Stroll,Ocon': 0.0003003752514010257,\n",
       " 'Stroll,Alonso': 0.00026446081916829434,\n",
       " 'Stroll,Bottas': 0.0001599824708548941,\n",
       " 'Stroll,Ricciardo': 0.000120803090237369,\n",
       " 'Stroll,Vettel': 0.000120803090237369,\n",
       " 'Stroll,Magnussen': 8.162370961984393e-05,\n",
       " 'Stroll,Gasly': 7.509381285025643e-05,\n",
       " 'Stroll,Stroll': 5.876907092628763e-05,\n",
       " 'Stroll,Schumacher': 3.9179380617525086e-05,\n",
       " 'Stroll,Tsunoda': 3.9179380617525086e-05,\n",
       " 'Stroll,Zhou': 1.9589690308762543e-05,\n",
       " 'Stroll,Albon': 1.3059793539175029e-05,\n",
       " 'Stroll,Latifi': 6.529896769587514e-06,\n",
       " 'Schumacher,Verstappen': 0.000988191044464244,\n",
       " 'Schumacher,Leclerc': 0.0006704027350109848,\n",
       " 'Schumacher,Perez': 0.0006638728382413972,\n",
       " 'Schumacher,Russell': 0.0005985738705455221,\n",
       " 'Schumacher,Sainz': 0.0005354515351061762,\n",
       " 'Schumacher,Hamilton': 0.0005223917415670011,\n",
       " 'Schumacher,Norris': 0.0002655491352965589,\n",
       " 'Schumacher,Ocon': 0.00020025016760068378,\n",
       " 'Schumacher,Alonso': 0.00017630721277886287,\n",
       " 'Schumacher,Bottas': 0.00010665498056992938,\n",
       " 'Schumacher,Ricciardo': 8.053539349157934e-05,\n",
       " 'Schumacher,Vettel': 8.053539349157934e-05,\n",
       " 'Schumacher,Magnussen': 5.4415806413229284e-05,\n",
       " 'Schumacher,Gasly': 5.0062541900170945e-05,\n",
       " 'Schumacher,Stroll': 3.9179380617525086e-05,\n",
       " 'Schumacher,Schumacher': 2.6119587078350054e-05,\n",
       " 'Schumacher,Tsunoda': 2.6119587078350054e-05,\n",
       " 'Schumacher,Zhou': 1.3059793539175027e-05,\n",
       " 'Schumacher,Albon': 8.706529026116687e-06,\n",
       " 'Schumacher,Latifi': 4.3532645130583434e-06,\n",
       " 'Tsunoda,Verstappen': 0.000988191044464244,\n",
       " 'Tsunoda,Leclerc': 0.0006704027350109848,\n",
       " 'Tsunoda,Perez': 0.0006638728382413972,\n",
       " 'Tsunoda,Russell': 0.0005985738705455221,\n",
       " 'Tsunoda,Sainz': 0.0005354515351061762,\n",
       " 'Tsunoda,Hamilton': 0.0005223917415670011,\n",
       " 'Tsunoda,Norris': 0.0002655491352965589,\n",
       " 'Tsunoda,Ocon': 0.00020025016760068378,\n",
       " 'Tsunoda,Alonso': 0.00017630721277886287,\n",
       " 'Tsunoda,Bottas': 0.00010665498056992938,\n",
       " 'Tsunoda,Ricciardo': 8.053539349157934e-05,\n",
       " 'Tsunoda,Vettel': 8.053539349157934e-05,\n",
       " 'Tsunoda,Magnussen': 5.4415806413229284e-05,\n",
       " 'Tsunoda,Gasly': 5.0062541900170945e-05,\n",
       " 'Tsunoda,Stroll': 3.9179380617525086e-05,\n",
       " 'Tsunoda,Schumacher': 2.6119587078350054e-05,\n",
       " 'Tsunoda,Tsunoda': 2.6119587078350054e-05,\n",
       " 'Tsunoda,Zhou': 1.3059793539175027e-05,\n",
       " 'Tsunoda,Albon': 8.706529026116687e-06,\n",
       " 'Tsunoda,Latifi': 4.3532645130583434e-06,\n",
       " 'Zhou,Verstappen': 0.000494095522232122,\n",
       " 'Zhou,Leclerc': 0.0003352013675054924,\n",
       " 'Zhou,Perez': 0.0003319364191206986,\n",
       " 'Zhou,Russell': 0.00029928693527276105,\n",
       " 'Zhou,Sainz': 0.0002677257675530881,\n",
       " 'Zhou,Hamilton': 0.00026119587078350057,\n",
       " 'Zhou,Norris': 0.00013277456764827946,\n",
       " 'Zhou,Ocon': 0.00010012508380034189,\n",
       " 'Zhou,Alonso': 8.815360638943143e-05,\n",
       " 'Zhou,Bottas': 5.332749028496469e-05,\n",
       " 'Zhou,Ricciardo': 4.026769674578967e-05,\n",
       " 'Zhou,Vettel': 4.026769674578967e-05,\n",
       " 'Zhou,Magnussen': 2.7207903206614642e-05,\n",
       " 'Zhou,Gasly': 2.5031270950085473e-05,\n",
       " 'Zhou,Stroll': 1.9589690308762543e-05,\n",
       " 'Zhou,Schumacher': 1.3059793539175027e-05,\n",
       " 'Zhou,Tsunoda': 1.3059793539175027e-05,\n",
       " 'Zhou,Zhou': 6.5298967695875135e-06,\n",
       " 'Zhou,Albon': 4.3532645130583434e-06,\n",
       " 'Zhou,Latifi': 2.1766322565291717e-06,\n",
       " 'Albon,Verstappen': 0.00032939701482141465,\n",
       " 'Albon,Leclerc': 0.00022346757833699492,\n",
       " 'Albon,Perez': 0.00022129094608046575,\n",
       " 'Albon,Russell': 0.00019952462351517406,\n",
       " 'Albon,Sainz': 0.00017848384503539206,\n",
       " 'Albon,Hamilton': 0.00017413058052233372,\n",
       " 'Albon,Norris': 8.851637843218631e-05,\n",
       " 'Albon,Ocon': 6.67500558668946e-05,\n",
       " 'Albon,Alonso': 5.876907092628763e-05,\n",
       " 'Albon,Bottas': 3.555166018997647e-05,\n",
       " 'Albon,Ricciardo': 2.684513116385978e-05,\n",
       " 'Albon,Vettel': 2.684513116385978e-05,\n",
       " 'Albon,Magnussen': 1.8138602137743097e-05,\n",
       " 'Albon,Gasly': 1.668751396672365e-05,\n",
       " 'Albon,Stroll': 1.3059793539175029e-05,\n",
       " 'Albon,Schumacher': 8.706529026116687e-06,\n",
       " 'Albon,Tsunoda': 8.706529026116687e-06,\n",
       " 'Albon,Zhou': 4.3532645130583434e-06,\n",
       " 'Albon,Albon': 2.9021763420388956e-06,\n",
       " 'Albon,Latifi': 1.4510881710194478e-06,\n",
       " 'Latifi,Verstappen': 0.00016469850741070732,\n",
       " 'Latifi,Leclerc': 0.00011173378916849746,\n",
       " 'Latifi,Perez': 0.00011064547304023287,\n",
       " 'Latifi,Russell': 9.976231175758703e-05,\n",
       " 'Latifi,Sainz': 8.924192251769603e-05,\n",
       " 'Latifi,Hamilton': 8.706529026116686e-05,\n",
       " 'Latifi,Norris': 4.4258189216093154e-05,\n",
       " 'Latifi,Ocon': 3.33750279334473e-05,\n",
       " 'Latifi,Alonso': 2.9384535463143814e-05,\n",
       " 'Latifi,Bottas': 1.7775830094988235e-05,\n",
       " 'Latifi,Ricciardo': 1.342256558192989e-05,\n",
       " 'Latifi,Vettel': 1.342256558192989e-05,\n",
       " 'Latifi,Magnussen': 9.069301068871548e-06,\n",
       " 'Latifi,Gasly': 8.343756983361825e-06,\n",
       " 'Latifi,Stroll': 6.529896769587514e-06,\n",
       " 'Latifi,Schumacher': 4.3532645130583434e-06,\n",
       " 'Latifi,Tsunoda': 4.3532645130583434e-06,\n",
       " 'Latifi,Zhou': 2.1766322565291717e-06,\n",
       " 'Latifi,Albon': 1.4510881710194478e-06,\n",
       " 'Latifi,Latifi': 7.255440855097239e-07}"
      ]
     },
     "execution_count": 7,
     "metadata": {},
     "output_type": "execute_result"
    }
   ],
   "source": [
    "twoRace = joint(winner,winner,\",\")  \n",
    "twoRace   # distribution of first winner and second winner"
   ]
  },
  {
   "cell_type": "markdown",
   "metadata": {},
   "source": [
    "when first name = second name, it means the driver's possibility"
   ]
  },
  {
   "cell_type": "markdown",
   "metadata": {},
   "source": [
    "## c) What is the probability for Red Bull to win both races?"
   ]
  },
  {
   "cell_type": "code",
   "execution_count": 8,
   "metadata": {
    "scrolled": true
   },
   "outputs": [
    {
     "data": {
      "text/plain": [
       "{'RED_BULL_RACING_RBPT': 0.358457997698504,\n",
       " 'MERCEDES': 0.17548906789413118,\n",
       " 'FERRARI': 0.16398158803222093,\n",
       " 'ASTON_MARTIN_ARAMCO_MERCEDES': 0.12715765247410818,\n",
       " 'MCLAREN_MERCEDES': 0.09896432681242807,\n",
       " 'ALPINE_RENAULT': 0.04833141542002301,\n",
       " 'WILLIAMS_MERCEDES': 0.012082853855005753,\n",
       " 'HAAS_FERRARI': 0.006904487917146145,\n",
       " 'ALFA_ROMEO_FERRARI': 0.005753739930955121,\n",
       " 'ALPHATAURI_HONDA_RBPT': 0.0028768699654775605}"
      ]
     },
     "execution_count": 8,
     "metadata": {},
     "output_type": "execute_result"
    }
   ],
   "source": [
    "#2023 Teams data\n",
    "win2023 = ProbDist(RED_BULL_RACING_RBPT=623,MERCEDES=305,FERRARI=285,ASTON_MARTIN_ARAMCO_MERCEDES=221,\n",
    "                  MCLAREN_MERCEDES=172,ALPINE_RENAULT=84, WILLIAMS_MERCEDES=21,HAAS_FERRARI=12,ALFA_ROMEO_FERRARI=10,ALPHATAURI_HONDA_RBPT=5)\n",
    "win2023  # get distribution of 2023 winner"
   ]
  },
  {
   "cell_type": "code",
   "execution_count": 9,
   "metadata": {},
   "outputs": [
    {
     "data": {
      "text/plain": [
       "{'RED_BULL_RACING_RBPT,RED_BULL_RACING_RBPT': 0.12849213611402077,\n",
       " 'RED_BULL_RACING_RBPT,MERCEDES': 0.06290545989530712,\n",
       " 'RED_BULL_RACING_RBPT,FERRARI': 0.05878051170545091,\n",
       " 'RED_BULL_RACING_RBPT,ASTON_MARTIN_ARAMCO_MERCEDES': 0.04558067749791105,\n",
       " 'RED_BULL_RACING_RBPT,MCLAREN_MERCEDES': 0.03547455443276335,\n",
       " 'RED_BULL_RACING_RBPT,ALPINE_RENAULT': 0.017324782397396057,\n",
       " 'RED_BULL_RACING_RBPT,WILLIAMS_MERCEDES': 0.004331195599349014,\n",
       " 'RED_BULL_RACING_RBPT,HAAS_FERRARI': 0.002474968913913722,\n",
       " 'RED_BULL_RACING_RBPT,ALFA_ROMEO_FERRARI': 0.002062474094928102,\n",
       " 'RED_BULL_RACING_RBPT,ALPHATAURI_HONDA_RBPT': 0.001031237047464051,\n",
       " 'MERCEDES,RED_BULL_RACING_RBPT': 0.06290545989530712,\n",
       " 'MERCEDES,MERCEDES': 0.030796412950350995,\n",
       " 'MERCEDES,FERRARI': 0.02877697603557388,\n",
       " 'MERCEDES,ASTON_MARTIN_ARAMCO_MERCEDES': 0.022314777908287117,\n",
       " 'MERCEDES,MCLAREN_MERCEDES': 0.017367157467083186,\n",
       " 'MERCEDES,ALPINE_RENAULT': 0.008481635042063881,\n",
       " 'MERCEDES,WILLIAMS_MERCEDES': 0.0021204087605159704,\n",
       " 'MERCEDES,HAAS_FERRARI': 0.0012116621488662686,\n",
       " 'MERCEDES,ALFA_ROMEO_FERRARI': 0.0010097184573885573,\n",
       " 'MERCEDES,ALPHATAURI_HONDA_RBPT': 0.0005048592286942787,\n",
       " 'FERRARI,RED_BULL_RACING_RBPT': 0.05878051170545091,\n",
       " 'FERRARI,MERCEDES': 0.02877697603557388,\n",
       " 'FERRARI,FERRARI': 0.026889961213569034,\n",
       " 'FERRARI,ASTON_MARTIN_ARAMCO_MERCEDES': 0.020851513783153534,\n",
       " 'FERRARI,MCLAREN_MERCEDES': 0.016228327469241664,\n",
       " 'FERRARI,ALPINE_RENAULT': 0.007925462252420348,\n",
       " 'FERRARI,WILLIAMS_MERCEDES': 0.001981365563105087,\n",
       " 'FERRARI,HAAS_FERRARI': 0.0011322088932029066,\n",
       " 'FERRARI,ALFA_ROMEO_FERRARI': 0.0009435074110024223,\n",
       " 'FERRARI,ALPHATAURI_HONDA_RBPT': 0.00047175370550121116,\n",
       " 'ASTON_MARTIN_ARAMCO_MERCEDES,RED_BULL_RACING_RBPT': 0.04558067749791105,\n",
       " 'ASTON_MARTIN_ARAMCO_MERCEDES,MERCEDES': 0.022314777908287117,\n",
       " 'ASTON_MARTIN_ARAMCO_MERCEDES,FERRARI': 0.020851513783153534,\n",
       " 'ASTON_MARTIN_ARAMCO_MERCEDES,ASTON_MARTIN_ARAMCO_MERCEDES': 0.016169068582726077,\n",
       " 'ASTON_MARTIN_ARAMCO_MERCEDES,MCLAREN_MERCEDES': 0.012584071476148798,\n",
       " 'ASTON_MARTIN_ARAMCO_MERCEDES,ALPINE_RENAULT': 0.006145709325561041,\n",
       " 'ASTON_MARTIN_ARAMCO_MERCEDES,WILLIAMS_MERCEDES': 0.0015364273313902602,\n",
       " 'ASTON_MARTIN_ARAMCO_MERCEDES,HAAS_FERRARI': 0.0008779584750801488,\n",
       " 'ASTON_MARTIN_ARAMCO_MERCEDES,ALFA_ROMEO_FERRARI': 0.0007316320625667907,\n",
       " 'ASTON_MARTIN_ARAMCO_MERCEDES,ALPHATAURI_HONDA_RBPT': 0.00036581603128339534,\n",
       " 'MCLAREN_MERCEDES,RED_BULL_RACING_RBPT': 0.03547455443276335,\n",
       " 'MCLAREN_MERCEDES,MERCEDES': 0.017367157467083186,\n",
       " 'MCLAREN_MERCEDES,FERRARI': 0.016228327469241664,\n",
       " 'MCLAREN_MERCEDES,ASTON_MARTIN_ARAMCO_MERCEDES': 0.012584071476148798,\n",
       " 'MCLAREN_MERCEDES,MCLAREN_MERCEDES': 0.009793937981437073,\n",
       " 'MCLAREN_MERCEDES,ALPINE_RENAULT': 0.004783085990934385,\n",
       " 'MCLAREN_MERCEDES,WILLIAMS_MERCEDES': 0.0011957714977335963,\n",
       " 'MCLAREN_MERCEDES,HAAS_FERRARI': 0.0006832979987049121,\n",
       " 'MCLAREN_MERCEDES,ALFA_ROMEO_FERRARI': 0.0005694149989207602,\n",
       " 'MCLAREN_MERCEDES,ALPHATAURI_HONDA_RBPT': 0.0002847074994603801,\n",
       " 'ALPINE_RENAULT,RED_BULL_RACING_RBPT': 0.017324782397396057,\n",
       " 'ALPINE_RENAULT,MERCEDES': 0.008481635042063881,\n",
       " 'ALPINE_RENAULT,FERRARI': 0.007925462252420348,\n",
       " 'ALPINE_RENAULT,ASTON_MARTIN_ARAMCO_MERCEDES': 0.006145709325561041,\n",
       " 'ALPINE_RENAULT,MCLAREN_MERCEDES': 0.004783085990934385,\n",
       " 'ALPINE_RENAULT,ALPINE_RENAULT': 0.0023359257165028392,\n",
       " 'ALPINE_RENAULT,WILLIAMS_MERCEDES': 0.0005839814291257098,\n",
       " 'ALPINE_RENAULT,HAAS_FERRARI': 0.00033370367378611986,\n",
       " 'ALPINE_RENAULT,ALFA_ROMEO_FERRARI': 0.00027808639482176657,\n",
       " 'ALPINE_RENAULT,ALPHATAURI_HONDA_RBPT': 0.00013904319741088328,\n",
       " 'WILLIAMS_MERCEDES,RED_BULL_RACING_RBPT': 0.004331195599349014,\n",
       " 'WILLIAMS_MERCEDES,MERCEDES': 0.0021204087605159704,\n",
       " 'WILLIAMS_MERCEDES,FERRARI': 0.001981365563105087,\n",
       " 'WILLIAMS_MERCEDES,ASTON_MARTIN_ARAMCO_MERCEDES': 0.0015364273313902602,\n",
       " 'WILLIAMS_MERCEDES,MCLAREN_MERCEDES': 0.0011957714977335963,\n",
       " 'WILLIAMS_MERCEDES,ALPINE_RENAULT': 0.0005839814291257098,\n",
       " 'WILLIAMS_MERCEDES,WILLIAMS_MERCEDES': 0.00014599535728142745,\n",
       " 'WILLIAMS_MERCEDES,HAAS_FERRARI': 8.342591844652997e-05,\n",
       " 'WILLIAMS_MERCEDES,ALFA_ROMEO_FERRARI': 6.952159870544164e-05,\n",
       " 'WILLIAMS_MERCEDES,ALPHATAURI_HONDA_RBPT': 3.476079935272082e-05,\n",
       " 'HAAS_FERRARI,RED_BULL_RACING_RBPT': 0.002474968913913722,\n",
       " 'HAAS_FERRARI,MERCEDES': 0.0012116621488662686,\n",
       " 'HAAS_FERRARI,FERRARI': 0.0011322088932029066,\n",
       " 'HAAS_FERRARI,ASTON_MARTIN_ARAMCO_MERCEDES': 0.0008779584750801488,\n",
       " 'HAAS_FERRARI,MCLAREN_MERCEDES': 0.0006832979987049121,\n",
       " 'HAAS_FERRARI,ALPINE_RENAULT': 0.00033370367378611986,\n",
       " 'HAAS_FERRARI,WILLIAMS_MERCEDES': 8.342591844652997e-05,\n",
       " 'HAAS_FERRARI,HAAS_FERRARI': 4.767195339801712e-05,\n",
       " 'HAAS_FERRARI,ALFA_ROMEO_FERRARI': 3.9726627831680937e-05,\n",
       " 'HAAS_FERRARI,ALPHATAURI_HONDA_RBPT': 1.9863313915840468e-05,\n",
       " 'ALFA_ROMEO_FERRARI,RED_BULL_RACING_RBPT': 0.002062474094928102,\n",
       " 'ALFA_ROMEO_FERRARI,MERCEDES': 0.0010097184573885573,\n",
       " 'ALFA_ROMEO_FERRARI,FERRARI': 0.0009435074110024223,\n",
       " 'ALFA_ROMEO_FERRARI,ASTON_MARTIN_ARAMCO_MERCEDES': 0.0007316320625667907,\n",
       " 'ALFA_ROMEO_FERRARI,MCLAREN_MERCEDES': 0.0005694149989207602,\n",
       " 'ALFA_ROMEO_FERRARI,ALPINE_RENAULT': 0.00027808639482176657,\n",
       " 'ALFA_ROMEO_FERRARI,WILLIAMS_MERCEDES': 6.952159870544164e-05,\n",
       " 'ALFA_ROMEO_FERRARI,HAAS_FERRARI': 3.9726627831680937e-05,\n",
       " 'ALFA_ROMEO_FERRARI,ALFA_ROMEO_FERRARI': 3.310552319306745e-05,\n",
       " 'ALFA_ROMEO_FERRARI,ALPHATAURI_HONDA_RBPT': 1.6552761596533726e-05,\n",
       " 'ALPHATAURI_HONDA_RBPT,RED_BULL_RACING_RBPT': 0.001031237047464051,\n",
       " 'ALPHATAURI_HONDA_RBPT,MERCEDES': 0.0005048592286942787,\n",
       " 'ALPHATAURI_HONDA_RBPT,FERRARI': 0.00047175370550121116,\n",
       " 'ALPHATAURI_HONDA_RBPT,ASTON_MARTIN_ARAMCO_MERCEDES': 0.00036581603128339534,\n",
       " 'ALPHATAURI_HONDA_RBPT,MCLAREN_MERCEDES': 0.0002847074994603801,\n",
       " 'ALPHATAURI_HONDA_RBPT,ALPINE_RENAULT': 0.00013904319741088328,\n",
       " 'ALPHATAURI_HONDA_RBPT,WILLIAMS_MERCEDES': 3.476079935272082e-05,\n",
       " 'ALPHATAURI_HONDA_RBPT,HAAS_FERRARI': 1.9863313915840468e-05,\n",
       " 'ALPHATAURI_HONDA_RBPT,ALFA_ROMEO_FERRARI': 1.6552761596533726e-05,\n",
       " 'ALPHATAURI_HONDA_RBPT,ALPHATAURI_HONDA_RBPT': 8.276380798266863e-06}"
      ]
     },
     "execution_count": 9,
     "metadata": {},
     "output_type": "execute_result"
    }
   ],
   "source": [
    "twoRace2 = joint(win2023,win2023,\",\")  # distribution of first winner and second winner\n",
    "twoRace2"
   ]
  },
  {
   "cell_type": "markdown",
   "metadata": {},
   "source": [
    "the 'RED_BULL_RACING_RBPT,RED_BULL_RACING_RBPT' data means the probability of Red Bull to win both races."
   ]
  },
  {
   "cell_type": "code",
   "execution_count": 10,
   "metadata": {},
   "outputs": [],
   "source": [
    "def RBwinTwice(outcome): return outcome == \"RED_BULL_RACING_RBPT,RED_BULL_RACING_RBPT\""
   ]
  },
  {
   "cell_type": "code",
   "execution_count": 11,
   "metadata": {},
   "outputs": [
    {
     "data": {
      "text/plain": [
       "0.12849213611402077"
      ]
     },
     "execution_count": 11,
     "metadata": {},
     "output_type": "execute_result"
    }
   ],
   "source": [
    "p(RBwinTwice,twoRace2)"
   ]
  },
  {
   "cell_type": "markdown",
   "metadata": {},
   "source": [
    "## d) What is the probability for Red Bull to win at least one race? "
   ]
  },
  {
   "cell_type": "code",
   "execution_count": 12,
   "metadata": {},
   "outputs": [],
   "source": [
    "def RedBull(outcome): return 'RED_BULL_RACING_RBPT' in outcome"
   ]
  },
  {
   "cell_type": "code",
   "execution_count": 13,
   "metadata": {},
   "outputs": [
    {
     "data": {
      "text/plain": [
       "0.5884238592829877"
      ]
     },
     "execution_count": 13,
     "metadata": {},
     "output_type": "execute_result"
    }
   ],
   "source": [
    "p(RedBull,twoRace2) # it gets the results that having at lease one Red Bull from the joint table"
   ]
  },
  {
   "cell_type": "markdown",
   "metadata": {},
   "source": [
    "## Q2: \n",
    "## If Red Bull wins the first race, what is the probability that Red Bull wins the next one? If Red Bull wins at least one of these two races, what is the probability Red Bull wins both races? How about Ferrari, Mercedes, and Alfa Romeo?"
   ]
  },
  {
   "cell_type": "code",
   "execution_count": 14,
   "metadata": {},
   "outputs": [],
   "source": [
    "# find where Red Bull win the first one\n",
    "def RBwinFirst(outcome): return outcome.startswith('RED_BULL_RACING_RBPT') "
   ]
  },
  {
   "cell_type": "code",
   "execution_count": 15,
   "metadata": {
